Time (ns)	Photoconductivity (cm2/Vs)	Time (ns)	Photoconductivity (cm2/Vs)	Time (ns)	Photoconductivity (cm2/Vs)	Time (ns)	Photoconductivity (cm2/Vs)	Time (ns)	Photoconductivity (cm2/Vs)
2.941176470588229677e+02 6.040590896992279824e+01 1.470588235294129902e+02 8.610859728506790134e+01 1.488743645606409984e+02 8.685900448107290117e+01 1.470588235294129902e+02 8.429864253393660078e+01 1.470588235294129902e+02 7.488687782805429549e+01
7.341341886548880211e+02 5.882422545826580063e+01 5.532356975712110625e+02 8.197463287247130381e+01 6.383643992576469373e+02 8.253702158044499981e+01 3.404139433551200113e+02 8.261617788280609886e+01 2.941176470588229677e+02 7.054165557625769623e+01
2.128116678770280032e+03 5.650193787160340264e+01 1.323529411764709948e+03 7.922012243811549581e+01 1.553497942386830118e+03 7.916506471869790573e+01 8.511861534737370221e+02 7.801236046622439346e+01 6.809287501008649315e+02 6.529698289758519536e+01
3.405047204066809627e+03 5.410439706960279693e+01 1.936577099975790134e+03 7.713815418352129427e+01 2.319656257564759926e+03 7.469869686324899760e+01 1.234265311062699993e+03 7.438983247123279341e+01 1.029956427015250028e+03 6.065234552566349890e+01
4.809670781892999912e+03 5.215146551228829708e+01 2.647058823529409892e+03 7.486425339366509490e+01 3.277354151537159851e+03 7.106298593399709773e+01 1.617344468651660009e+03 7.110345370854149394e+01 1.361958363592349997e+03 5.624098390822729954e+01
6.214294359719199747e+03 5.042141637393459774e+01 3.529411764705880159e+03 7.232233164759109911e+01 4.235052045509560230e+03 6.732100444967289832e+01 2.064270152505449914e+03 6.715729540796820629e+01 1.489651416122000001e+03 5.313590488427090008e+01
7.618917937545390487e+03 4.881056442667360074e+01 4.705882352941180216e+03 6.869177535267499479e+01 5.256596465746789363e+03 6.382522485559780279e+01 2.638888888888890051e+03 6.302662738745009818e+01 1.898269184216899930e+03 4.955313443255260353e+01
9.023541515371580317e+03 4.716705571472969893e+01 5.671598886468170349e+03 6.644315254545290372e+01 6.405833938513680550e+03 6.027859695802789730e+01 3.277354151537159851e+03 5.896610387633069905e+01 2.319656257564759926e+03 4.592145377228040104e+01
1.042816509319780016e+04 4.520582389639159970e+01 7.108145727426769554e+03 6.326716587033129713e+01 7.682764463810220150e+03 5.647303253275310198e+01 3.979665940450249764e+03 5.518265310332459705e+01 2.830428467683370400e+03 4.208323338273360292e+01
1.179022432018069958e+04 4.479757209394669815e+01 8.512769305252970298e+03 6.054013292017909720e+01 9.023541515371580317e+03 5.305207685029549936e+01 4.745824255628179344e+03 5.103715496961680032e+01 3.405047204066809627e+03 3.840833133432130353e+01
1.319484789800689941e+04 4.328077465274689928e+01 9.917392883079159219e+03 5.812517617752779842e+01 1.036431856693289956e+04 4.986130033265749972e+01 5.511982570806099829e+03 4.778223402278249665e+01 4.107358992979909999e+03 3.477680255201720172e+01
1.435827348772160076e+04 4.255953039465789800e+01 1.132201646090529903e+04 5.564436162609940340e+01 1.170509561849429883e+04 4.714088327884299900e+01 6.405833938513680550e+03 4.429041646265790177e+01 4.937363834422660148e+03 3.128182086755710145e+01
1.567422133462440070e+04 4.101566853188379724e+01 1.272664003873149886e+04 5.331342801758020045e+01 1.302991103848949933e+04 4.537643335549589807e+01 7.491224885015739346e+03 4.084052125713449755e+01 5.973096371607630317e+03 2.773774603618529966e+01
1.651486726377790183e+04 4.021752810391799926e+01 1.413126361655770052e+04 5.098412724729529799e+01 1.432280319535220042e+04 4.231862222199269752e+01 8.704308884047450192e+03 3.730739765880090175e+01 7.159222948438639833e+03 2.450754622464220134e+01
1.770666908738799975e+04 3.988765876213010131e+01 1.553588719438390035e+04 4.922672806851969796e+01 1.563520401301809943e+04 4.045249872848229700e+01 1.004508593560880036e+04 3.398488851487699947e+01 8.512769305252970298e+03 2.154972479687329923e+01
1.911129266521420141e+04 3.810093653006629921e+01 1.694051077221009837e+04 4.668012374324050029e+01 1.694051077221009837e+04 3.786483832664789873e+01 1.144970951343500019e+04 3.111471007953129941e+01 9.917392883079159219e+03 1.922722751923059903e+01
2.052503717536400291e+04 3.633325928922860015e+01 1.834513435003630002e+04 4.503579861217949798e+01 1.834513435003630002e+04 3.564568610224129941e+01 1.285433309126120002e+04 2.857314033880739856e+01 1.132201646090529903e+04 1.711427781496979961e+01
2.196310417170980145e+04 3.499439342117369733e+01 1.974975792786250167e+04 4.301857404939549667e+01 1.974975792786250167e+04 3.400850463845460325e+01 1.425895666908739986e+04 2.640304129635159924e+01 1.272664003873149886e+04 1.539661103322509916e+01
2.330388122327120072e+04 3.462054066671949926e+01 2.115438150568869969e+04 4.146659499179899910e+01 2.115438150568869969e+04 3.224389375747829689e+01 1.566358024691359969e+04 2.444725227212730090e+01 1.413126361655770052e+04 1.392182893880949912e+01
2.472978697651900075e+04 3.484618967260259836e+01 2.255900508351490134e+04 3.998804829812129924e+01 2.255900508351490134e+04 3.083626213544189909e+01 1.706820382473980135e+04 2.282007194252480176e+01 1.553588719438390035e+04 1.297567822269859938e+01
2.613441055434520240e+04 3.405553278083070268e+01 2.396362866134109936e+04 3.897665208757099720e+01 2.396362866134109936e+04 2.944815653728889870e+01 1.847282740256599936e+04 2.122146628201990026e+01 1.694051077221009837e+04 1.189141660594949990e+01
2.753903413217139678e+04 3.215930833468959804e+01 2.536825223916730101e+04 3.691680364338319720e+01 2.536825223916730101e+04 2.810270883800300012e+01 1.987745098039220102e+04 1.980859597064900157e+01 1.834513435003630002e+04 1.073571831645650043e+01
2.892237553457600006e+04 3.181501708927060079e+01 2.674095255386109784e+04 3.570427893146720066e+01 2.677287581699350267e+04 2.651362806719719956e+01 2.128207455821830081e+04 1.861003567750969978e+01 1.974975792786250167e+04 9.851479383390170597e+00
3.034828128782380008e+04 3.102940628796070044e+01 2.772145277864229865e+04 3.477863499271939673e+01 2.817749939481970068e+04 2.581988692811449937e+01 2.268669813604450246e+04 1.741147538437040154e+01 2.115438150568869969e+04 9.324423814043139913e+00
3.186235605353250139e+04 2.925325948490119998e+01 2.889045227144359887e+04 3.393915795529490254e+01 2.958212297264590234e+04 2.460146043645979930e+01 2.409132171387069684e+04 1.645579977856030141e+01 2.255900508351490134e+04 8.797368244696169626e+00
3.321073388203019567e+04 2.772258544778729927e+01 3.046320503510050185e+04 3.263559614188859825e+01 3.098674655047199849e+04 2.335132966909209884e+01 2.549594529169689849e+04 1.558584818004269934e+01 2.396362866134109936e+04 7.941703980727430334e+00
3.444297183894129557e+04 2.812391839281070105e+01 3.188059791817959922e+04 3.094315000742020061e+01 3.239137012829820014e+04 2.233088481332750064e+01 2.690056886952310015e+04 1.454444856693990040e+01 2.536825223916730101e+04 7.386073742282920129e+00
3.594549342370690283e+04 2.821534416049350114e+01 3.366830065359480068e+04 2.953729029501170089e+01 3.379599370612439816e+04 2.139711645382540084e+01 2.830519244734929816e+04 1.374593364116629957e+01 2.677287581699350267e+04 7.163814643309679653e+00
3.737139917695469921e+04 2.698305490939279849e+01 3.531234870491410402e+04 2.896103884545830098e+01 3.520061728395059617e+04 2.065575086624680168e+01 2.970981602517549982e+04 1.314744139907540088e+01 2.817749939481970068e+04 6.574847290918030218e+00
3.873953902548670158e+04 2.593106100045740092e+01 3.759273380133949831e+04 2.600804552124559876e+01 3.660524086177680147e+04 1.974293726408300031e+01 3.111443960300169783e+04 1.250608715333819987e+01 2.958212297264590234e+04 6.047791721571029733e+00
4.010767887401870394e+04 2.542137834967520149e+01 3.907397321068339807e+04 2.668964009143000027e+01 3.800986443960299948e+04 1.877297432372400010e+01 3.251906318082789949e+04 1.183615823850350068e+01 3.098674655047199849e+04 5.754095949853989644e+00
4.153206447187930462e+04 2.590479143137309848e+01 4.032962156055840023e+04 2.659096526903779889e+01 3.941448801742919750e+04 1.827449342347459904e+01 3.392368675865409750e+04 1.128052800005900025e+01 3.239137012829820014e+04 5.608035968474239574e+00
4.298989348825949855e+04 2.506672028234250149e+01 4.196834906802229671e+04 2.478069344755240166e+01 4.081911159525540279e+04 1.744740382860339878e+01 3.532831033648030279e+04 1.079633443435830031e+01 3.379599370612439816e+04 5.342914865854740292e+00
