0.000000000000000000e+00 5.000000000000000000e+00 1.000000000000000000e+01 0.000000000000000000e+00
3.910000000000000142e+00 5.000000000000000000e+00 1.000000000000000000e+01 0.000000000000000000e+00
7.809999999999999609e+00 5.000000000000000000e+00 1.000000000000000000e+01 0.000000000000000000e+00
1.169999999999999929e+01 5.000000000000000000e+00 1.000000000000000000e+01 0.000000000000000000e+00
1.559999999999999964e+01 5.000000000000000000e+00 1.000000000000000000e+01 0.000000000000000000e+00
1.950000000000000000e+01 5.000000000000000000e+00 1.000000000000000000e+01 0.000000000000000000e+00
2.339999999999999858e+01 5.000000000000000000e+00 1.000000000000000000e+01 0.000000000000000000e+00
2.730000000000000071e+01 5.000000000000000000e+00 1.000000000000000000e+01 0.000000000000000000e+00
3.119999999999999929e+01 5.000000000000000000e+00 1.000000000000000000e+01 0.000000000000000000e+00
3.520000000000000284e+01 5.000000000000000000e+00 1.000000000000000000e+01 0.000000000000000000e+00
3.910000000000000142e+01 5.000000000000000000e+00 1.000000000000000000e+01 0.000000000000000000e+00
4.300000000000000000e+01 5.000000000000000000e+00 1.000000000000000000e+01 0.000000000000000000e+00
4.689999999999999858e+01 5.000000000000000000e+00 1.000000000000000000e+01 0.000000000000000000e+00
5.079999999999999716e+01 5.000000000000000000e+00 1.000000000000000000e+01 0.000000000000000000e+00
5.470000000000000284e+01 5.000000000000000000e+00 1.000000000000000000e+01 0.000000000000000000e+00
5.860000000000000142e+01 5.000000000000000000e+00 1.000000000000000000e+01 0.000000000000000000e+00
6.250000000000000000e+01 5.000000000000000000e+00 1.000000000000000000e+01 0.000000000000000000e+00
6.640000000000000568e+01 5.000000000000000000e+00 1.000000000000000000e+01 0.000000000000000000e+00
7.029999999999999716e+01 5.000000000000000000e+00 1.000000000000000000e+01 0.000000000000000000e+00
7.420000000000000284e+01 5.000000000000000000e+00 1.000000000000000000e+01 0.000000000000000000e+00
7.809999999999999432e+01 5.000000000000000000e+00 1.000000000000000000e+01 0.000000000000000000e+00
8.200000000000000000e+01 5.000000000000000000e+00 1.000000000000000000e+01 0.000000000000000000e+00
8.590000000000000568e+01 5.000000000000000000e+00 1.000000000000000000e+01 0.000000000000000000e+00
8.979999999999999716e+01 5.000000000000000000e+00 1.000000000000000000e+01 0.000000000000000000e+00
9.370000000000000284e+01 5.000000000000000000e+00 1.000000000000000000e+01 0.000000000000000000e+00
9.770000000000000284e+01 5.000000000000000000e+00 1.000000000000000000e+01 0.000000000000000000e+00
1.020000000000000000e+02 5.000000000000000000e+00 1.000000000000000000e+01 0.000000000000000000e+00
1.050000000000000000e+02 5.000000000000000000e+00 1.000000000000000000e+01 0.000000000000000000e+00
1.090000000000000000e+02 5.000000000000000000e+00 1.000000000000000000e+01 0.000000000000000000e+00
1.130000000000000000e+02 5.000000000000000000e+00 1.000000000000000000e+01 0.000000000000000000e+00
1.170000000000000000e+02 5.000000000000000000e+00 1.000000000000000000e+01 0.000000000000000000e+00
1.210000000000000000e+02 5.000000000000000000e+00 1.000000000000000000e+01 0.000000000000000000e+00
1.250000000000000000e+02 5.000000000000000000e+00 1.000000000000000000e+01 0.000000000000000000e+00
1.290000000000000000e+02 5.000000000000000000e+00 1.000000000000000000e+01 0.000000000000000000e+00
1.330000000000000000e+02 1.050000000000000000e+02 1.100000000000000000e+02 1.000000000000000000e+02
1.370000000000000000e+02 9.900000000000000000e+01 1.066577540100000050e+02 9.346666666999999507e+01
1.410000000000000000e+02 9.126666667000000643e+01 9.639705881999999804e+01 7.816666666999999791e+01
1.450000000000000000e+02 8.779999999999999716e+01 9.235294118000000196e+01 7.000000000000000000e+01
1.480000000000000000e+02 8.276666667000000643e+01 8.690508020999999417e+01 6.456666667000000359e+01
1.520000000000000000e+02 7.696666666999999507e+01 8.580213904000000014e+01 5.543333333000000351e+01
1.560000000000000000e+02 7.446666666999999507e+01 7.818181817999999339e+01 5.046666667000000217e+01
1.600000000000000000e+02 7.226666667000000643e+01 7.651069519000000696e+01 4.729999999999999716e+01
1.640000000000000000e+02 7.209999999999999432e+01 7.390374331999998958e+01 4.353333332999999783e+01
1.680000000000000000e+02 6.986666667000000075e+01 6.912433154999999374e+01 3.939999999999999858e+01
1.720000000000000000e+02 6.456666666999998938e+01 6.698529411999999184e+01 3.589999999999999858e+01
1.760000000000000000e+02 6.339999999999999858e+01 6.304144385000000028e+01 3.406666666999999649e+01
1.800000000000000000e+02 6.173333333000000067e+01 5.949866310000000169e+01 2.960000000000000142e+01
1.840000000000000000e+02 6.063333332999999925e+01 5.889705881999999804e+01 3.083333332999999854e+01
1.870000000000000000e+02 5.623333333000000067e+01 5.722593582999999740e+01 2.733333332999999854e+01
1.910000000000000000e+02 5.386666667000000075e+01 5.344919785999999817e+01 2.450000000000000000e+01
1.950000000000000000e+02 5.323333333000000067e+01 5.318181818000000050e+01 2.376666666999999933e+01
1.990000000000000000e+02 5.236666667000000075e+01 4.920454544999999769e+01 2.280000000000000071e+01
2.030000000000000000e+02 5.316666666999999791e+01 4.907085561000000240e+01 2.050000000000000000e+01
2.070000000000000000e+02 4.873333333000000067e+01 4.863636363999999901e+01 1.983333332999999854e+01
2.110000000000000000e+02 4.686666667000000075e+01 4.492647059000000098e+01 1.880000000000000071e+01
2.150000000000000000e+02 4.686666667000000075e+01 4.462566844999999915e+01 1.760000000000000142e+01
2.190000000000000000e+02 4.620000000000000284e+01 4.308823529000000008e+01 1.586666667000000075e+01
2.230000000000000000e+02 4.353333332999999783e+01 4.101604277999999937e+01 1.566666666999999968e+01
2.270000000000000000e+02 4.356666666999999649e+01 3.961229946999999640e+01 1.593333332999999996e+01
2.300000000000000000e+02 4.276666666999999933e+01 3.951203209000000527e+01 1.353333332999999961e+01
2.340000000000000000e+02 3.979999999999999716e+01 3.837566844999999915e+01 1.250000000000000000e+01
2.380000000000000000e+02 3.896666667000000217e+01 3.496657754000000295e+01 1.290000000000000036e+01
2.420000000000000000e+02 3.976666666999999933e+01 3.526737968000000478e+01 1.090000000000000036e+01
2.460000000000000000e+02 3.833333333000000209e+01 3.616978609999999605e+01 1.006666667000000004e+01
2.500000000000000000e+02 3.729999999999999716e+01 3.386363636000000099e+01 1.069999999999999929e+01
2.540000000000000000e+02 3.536666667000000075e+01 3.195855614999999972e+01 9.766666667000000857e+00
2.580000000000000000e+02 3.423333333000000067e+01 3.215909091000000330e+01 8.900000000000000355e+00
2.620000000000000000e+02 3.493333332999999641e+01 3.145721925000000141e+01 8.800000000000000711e+00
2.660000000000000000e+02 3.460000000000000142e+01 3.065508021000000127e+01 7.633333333000000387e+00
2.700000000000000000e+02 3.550000000000000000e+01 3.045454545000000124e+01 8.066666666999999791e+00
2.730000000000000000e+02 3.116666667000000146e+01 2.985294117999999841e+01 9.766666667000000857e+00
2.770000000000000000e+02 3.113333332999999925e+01 2.824866310000000169e+01 8.066666666999999791e+00
2.810000000000000000e+02 3.039999999999999858e+01 2.928475935999999891e+01 8.133333332999999499e+00
2.850000000000000000e+02 2.893333332999999996e+01 2.781417112000000103e+01 6.099999999999999645e+00
2.890000000000000000e+02 2.853333333000000138e+01 2.818181818000000050e+01 6.933333333000000209e+00
2.930000000000000000e+02 3.030000000000000071e+01 2.681149733000000168e+01 6.633333333000000387e+00
2.970000000000000000e+02 2.810000000000000142e+01 2.778074866000000043e+01 5.466666667000000146e+00
3.010000000000000000e+02 2.650000000000000000e+01 2.620989305000000158e+01 5.400000000000000355e+00
3.050000000000000000e+02 2.803333333000000138e+01 2.473930481000000015e+01 5.400000000000000355e+00
3.090000000000000000e+02 2.753333333000000138e+01 2.467245988999999895e+01 6.066666666999999791e+00
3.120000000000000000e+02 2.783333332999999854e+01 2.353609626000000077e+01 5.333333332999999676e+00
3.160000000000000000e+02 2.516666667000000146e+01 2.430481282999999948e+01 5.266666666999999968e+00
3.200000000000000000e+02 2.530000000000000071e+01 2.480614973000000134e+01 4.233333333000000032e+00
3.240000000000000000e+02 2.486666667000000075e+01 2.350267380000000017e+01 4.700000000000000178e+00
3.280000000000000000e+02 2.389999999999999858e+01 2.330213904000000014e+01 4.666666667000000324e+00
3.320000000000000000e+02 2.339999999999999858e+01 2.326871657999999954e+01 4.433333333000000209e+00
3.360000000000000000e+02 2.246666666999999862e+01 2.206550801999999933e+01 4.099999999999999645e+00
3.400000000000000000e+02 2.353333333000000138e+01 2.229946523999999997e+01 3.933333333000000209e+00
3.440000000000000000e+02 2.373333333000000067e+01 2.139705881999999804e+01 4.400000000000000355e+00
3.480000000000000000e+02 2.226666666999999933e+01 2.216577540000000113e+01 2.866666667000000057e+00
3.520000000000000000e+02 2.276666666999999933e+01 2.169786095999999986e+01 2.899999999999999911e+00
3.550000000000000000e+02 2.183333332999999854e+01 2.096256684000000092e+01 3.700000000000000178e+00
3.590000000000000000e+02 2.136666667000000075e+01 2.079545455000000231e+01 3.633333332999999943e+00
3.630000000000000000e+02 2.089999999999999858e+01 2.126336897999999920e+01 3.200000000000000178e+00
3.670000000000000000e+02 2.056666667000000004e+01 1.975935828899999791e+01 3.033333332999999854e+00
3.710000000000000000e+02 1.939999999999999858e+01 1.949197861000000032e+01 3.299999999999999822e+00
3.750000000000000000e+02 2.023333333000000067e+01 1.912433155099999738e+01 3.299999999999999822e+00
3.790000000000000000e+02 2.023333333000000067e+01 1.942513368999999912e+01 2.366666667000000057e+00
3.830000000000000000e+02 1.973333333000000067e+01 1.832219251299999740e+01 2.333333333000000120e+00
3.870000000000000000e+02 1.893333332999999996e+01 1.962566844900000262e+01 2.533333332999999854e+00
3.910000000000000000e+02 1.930000000000000071e+01 1.868983957200000035e+01 2.833333333000000120e+00
3.950000000000000000e+02 1.873333333000000067e+01 1.825534759399999984e+01 2.500000000000000000e+00
3.980000000000000000e+02 1.826666666999999933e+01 1.835561497300000156e+01 2.399999999999999911e+00
4.020000000000000000e+02 1.866666666999999791e+01 1.768716577500000042e+01 2.299999999999999822e+00
4.060000000000000000e+02 1.650000000000000000e+01 1.892379679100000089e+01 1.933333332999999987e+00
4.100000000000000000e+02 1.780000000000000071e+01 1.778743315500000222e+01 2.633333332999999943e+00
4.140000000000000000e+02 1.693333332999999996e+01 1.808823529400000041e+01 1.866666667000000057e+00
4.180000000000000000e+02 1.726666666999999933e+01 1.731951871700000112e+01 2.100000000000000089e+00
4.220000000000000000e+02 1.766666666999999791e+01 1.685160427799999994e+01 1.666666667000000102e+00
4.260000000000000000e+02 1.536666667000000075e+01 1.748663101600000047e+01 1.533333333000000076e+00
4.300000000000000000e+02 1.619999999999999929e+01 1.655080213899999819e+01 1.866666667000000057e+00
4.340000000000000000e+02 1.606666667000000004e+01 1.681818181799999934e+01 2.000000000000000000e+00
4.370000000000000000e+02 1.613333332999999925e+01 1.698529411799999878e+01 1.633333332999999943e+00
4.410000000000000000e+02 1.636666667000000075e+01 1.655080213899999819e+01 1.633333332999999943e+00
4.450000000000000000e+02 1.573333333000000067e+01 1.651737967900000115e+01 1.533333333000000076e+00
4.490000000000000000e+02 1.476666666700000086e+01 1.641711229899999935e+01 1.500000000000000000e+00
4.530000000000000000e+02 1.496666666700000015e+01 1.648395721900000055e+01 1.533333333000000076e+00
4.570000000000000000e+02 1.486666666700000050e+01 1.508021390400000072e+01 1.566666667000000013e+00
4.610000000000000000e+02 1.373333333299999914e+01 1.554812834200000005e+01 1.733333333000000032e+00
4.650000000000000000e+02 1.450000000000000000e+01 1.511363636400000132e+01 1.333333332999999898e+00
4.690000000000000000e+02 1.490000000000000036e+01 1.548128342200000063e+01 1.766666666999999968e+00
4.730000000000000000e+02 1.266666666700000121e+01 1.504679144400000013e+01 1.100000000000000089e+00
4.770000000000000000e+02 1.516666666999999968e+01 1.477941176499999898e+01 1.133333332999999943e+00
4.800000000000000000e+02 1.323333333299999914e+01 1.534759358300000009e+01 1.066666667000000013e+00
4.840000000000000000e+02 1.326666666700000086e+01 1.504679144400000013e+01 9.333333329999999872e-01
4.880000000000000000e+02 1.259999999999999964e+01 1.528074866300000068e+01 1.166666667000000102e+00
4.920000000000000000e+02 1.380000000000000071e+01 1.518048128299999888e+01 1.366666667000000057e+00
4.960000000000000000e+02 1.369999999999999929e+01 1.404411764700000020e+01 8.000000000000000444e-01
5.000000000000000000e+02 1.296666666700000015e+01 1.487967914400000069e+01 1.600000000000000089e+00
5.040000000000000000e+02 1.306666666699999979e+01 1.508021390400000072e+01 9.000000000000000222e-01
5.080000000000000000e+02 1.259999999999999964e+01 1.434491978600000017e+01 1.500000000000000000e+00
5.120000000000000000e+02 1.290000000000000036e+01 1.534759358300000009e+01 1.466666666999999924e+00
5.160000000000000000e+02 1.290000000000000036e+01 1.447860962600000079e+01 9.333333329999999872e-01
5.200000000000000000e+02 1.203333333299999985e+01 1.387700534800000085e+01 6.999999999999999556e-01
5.230000000000000000e+02 1.323333333299999914e+01 1.394385026700000019e+01 1.066666667000000013e+00
5.270000000000000000e+02 1.226666666699999908e+01 1.404411764700000020e+01 9.000000000000000222e-01
5.310000000000000000e+02 1.203333333299999985e+01 1.401069518699999961e+01 8.000000000000000444e-01
5.350000000000000000e+02 1.256666666699999979e+01 1.444518716600000019e+01 6.666666669999999906e-01
5.390000000000000000e+02 1.266666666700000121e+01 1.367647058800000082e+01 6.333333330000000538e-01
5.430000000000000000e+02 1.203333333299999985e+01 1.414438502700000022e+01 8.000000000000000444e-01
5.470000000000000000e+02 1.233333333299999879e+01 1.421122994699999964e+01 8.666666669999999462e-01
5.510000000000000000e+02 1.133333333299999879e+01 1.344251336900000027e+01 6.666666669999999906e-01
5.550000000000000000e+02 1.150000000000000000e+01 1.377673796799999906e+01 8.666666669999999462e-01
5.590000000000000000e+02 1.153333333299999985e+01 1.367647058800000082e+01 6.999999999999999556e-01
5.620000000000000000e+02 1.103333333299999985e+01 1.377673796799999906e+01 5.666666670000000128e-01
5.660000000000000000e+02 1.150000000000000000e+01 1.364304812800000022e+01 8.000000000000000444e-01
5.700000000000000000e+02 1.140000000000000036e+01 1.350935828899999969e+01 1.033333333000000076e+00
5.740000000000000000e+02 1.156666666699999979e+01 1.360962566799999962e+01 6.333333330000000538e-01
5.780000000000000000e+02 1.113333333299999950e+01 1.310828876999999970e+01 7.666666669999999684e-01
5.820000000000000000e+02 1.013333333299999950e+01 1.344251336900000027e+01 8.000000000000000444e-01
5.860000000000000000e+02 1.046666666700000015e+01 1.287433155100000093e+01 8.333333330000000094e-01
5.900000000000000000e+02 1.086666666700000050e+01 1.377673796799999906e+01 5.666666670000000128e-01
5.940000000000000000e+02 1.073333333300000092e+01 1.334224598900000025e+01 5.666666670000000128e-01
5.980000000000000000e+02 1.086666666700000050e+01 1.324197861000000032e+01 6.666666669999999906e-01
6.020000000000000000e+02 1.050000000000000000e+01 1.270721925099999972e+01 8.000000000000000444e-01
6.050000000000000000e+02 1.053333333299999985e+01 1.284090909100000033e+01 6.333333330000000538e-01
6.090000000000000000e+02 1.096666666700000015e+01 1.274064171100000031e+01 6.999999999999999556e-01
6.130000000000000000e+02 1.016666666700000121e+01 1.277406417099999913e+01 6.333333330000000538e-01
6.170000000000000000e+02 1.030000000000000071e+01 1.257352941199999918e+01 5.333333329999999650e-01
6.210000000000000000e+02 1.046666666700000015e+01 1.200534759399999984e+01 5.333333329999999650e-01
6.250000000000000000e+02 9.933333333000000209e+00 1.270721925099999972e+01 5.999999999999999778e-01
6.290000000000000000e+02 1.000000000000000000e+01 1.277406417099999913e+01 5.000000000000000000e-01
6.330000000000000000e+02 9.933333333000000209e+00 1.250668449199999976e+01 5.000000000000000000e-01
6.370000000000000000e+02 9.500000000000000000e+00 1.314171123000000030e+01 6.666666669999999906e-01
6.410000000000000000e+02 9.666666667000001212e+00 1.284090909100000033e+01 5.333333329999999650e-01
6.450000000000000000e+02 1.006666666699999979e+01 1.217245989299999920e+01 6.333333330000000538e-01
6.480000000000000000e+02 9.633333332999999499e+00 1.260695187199999978e+01 5.999999999999999778e-01
6.520000000000000000e+02 1.009999999999999964e+01 1.250668449199999976e+01 2.999999999999999889e-01
6.560000000000000000e+02 9.466666667000000146e+00 1.243983957200000035e+01 5.999999999999999778e-01
6.600000000000000000e+02 8.866666667000000501e+00 1.233957219300000041e+01 5.666666670000000128e-01
6.640000000000000000e+02 9.400000000000000355e+00 1.190508021399999983e+01 5.666666670000000128e-01
6.680000000000000000e+02 9.766666666999999080e+00 1.227272727300000099e+01 5.999999999999999778e-01
6.720000000000000000e+02 9.400000000000000355e+00 1.220588235299999980e+01 4.666666669999999795e-01
6.760000000000000000e+02 9.666666667000001212e+00 1.264037433200000038e+01 4.333333329999999872e-01
6.800000000000000000e+02 9.099999999999999645e+00 1.213903743300000038e+01 4.000000000000000222e-01
6.840000000000000000e+02 9.533333332999999854e+00 1.210561497299999978e+01 3.333333330000000094e-01
6.870000000000000000e+02 8.566666666999999791e+00 1.217245989299999920e+01 5.000000000000000000e-01
6.910000000000000000e+02 9.366666667000000501e+00 1.233957219300000041e+01 4.333333329999999872e-01
6.950000000000000000e+02 9.033333332999999854e+00 1.180481283399999981e+01 2.333333330000000039e-01
6.990000000000000000e+02 8.900000000000000355e+00 1.193850267400000043e+01 5.000000000000000000e-01
7.030000000000000000e+02 8.733333333000000920e+00 1.183823529400000041e+01 2.333333330000000039e-01
7.070000000000000000e+02 9.433333333000000209e+00 1.173796791400000039e+01 2.333333330000000039e-01
7.110000000000000000e+02 8.800000000000000711e+00 1.190508021399999983e+01 4.000000000000000222e-01
7.150000000000000000e+02 9.300000000000000711e+00 1.277406417099999913e+01 1.333333329999999983e-01
7.190000000000000000e+02 8.533333332999999854e+00 1.177139037399999921e+01 3.333333330000000094e-01
7.230000000000000000e+02 8.900000000000000355e+00 1.177139037399999921e+01 4.333333329999999872e-01
7.270000000000000000e+02 8.800000000000000711e+00 1.150401069499999984e+01 2.999999999999999889e-01
7.300000000000000000e+02 8.300000000000000711e+00 1.187165775399999923e+01 4.666666669999999795e-01
7.340000000000000000e+02 8.900000000000000355e+00 1.163770053500000046e+01 2.666666670000000239e-01
7.380000000000000000e+02 8.366666667000000501e+00 1.167112299499999928e+01 2.000000000000000111e-01
7.420000000000000000e+02 8.266666666999999080e+00 1.183823529400000041e+01 3.666666670000000017e-01
7.460000000000000000e+02 8.833333333000000565e+00 1.220588235299999980e+01 2.999999999999999889e-01
7.500000000000000000e+02 8.933333333000000209e+00 1.150401069499999984e+01 4.333333329999999872e-01
7.540000000000000000e+02 8.166666666999999435e+00 1.163770053500000046e+01 4.666666669999999795e-01
7.580000000000000000e+02 8.033333332999999854e+00 1.113636363600000045e+01 4.000000000000000222e-01
7.620000000000000000e+02 8.599999999999999645e+00 1.167112299499999928e+01 2.666666670000000239e-01
7.660000000000000000e+02 9.033333332999999854e+00 1.173796791400000039e+01 2.999999999999999889e-01
7.700000000000000000e+02 7.799999999999999822e+00 1.140374331599999991e+01 1.666666669999999906e-01
7.730000000000000000e+02 8.099999999999999645e+00 1.173796791400000039e+01 4.000000000000000222e-01
7.770000000000000000e+02 8.466666667000000146e+00 1.170454545499999988e+01 2.000000000000000111e-01
7.810000000000000000e+02 8.099999999999999645e+00 1.120320855599999987e+01 3.666666670000000017e-01
7.850000000000000000e+02 8.233333333000000920e+00 1.170454545499999988e+01 2.999999999999999889e-01
7.890000000000000000e+02 7.966666667000000146e+00 1.163770053500000046e+01 2.999999999999999889e-01
7.930000000000000000e+02 8.766666666999999080e+00 1.150401069499999984e+01 3.333333330000000094e-01
7.970000000000000000e+02 8.733333333000000920e+00 1.116978609599999928e+01 1.666666669999999906e-01
8.010000000000000000e+02 7.766666666999999968e+00 1.143716577500000042e+01 3.666666670000000017e-01
8.050000000000000000e+02 7.833333333000000565e+00 1.147058823499999924e+01 1.000000000000000056e-01
8.090000000000000000e+02 8.099999999999999645e+00 1.123663101600000047e+01 2.000000000000000111e-01
8.120000000000000000e+02 7.900000000000000355e+00 1.177139037399999921e+01 2.333333330000000039e-01
8.160000000000000000e+02 8.099999999999999645e+00 1.157085561499999926e+01 2.999999999999999889e-01
8.200000000000000000e+02 8.133333332999999499e+00 1.160427807499999986e+01 1.666666669999999906e-01
8.240000000000000000e+02 7.533333332999999854e+00 1.150401069499999984e+01 4.000000000000000222e-01
8.280000000000000000e+02 7.700000000000000178e+00 1.183823529400000041e+01 2.333333330000000039e-01
8.320000000000000000e+02 7.866666667000000501e+00 1.113636363600000045e+01 1.000000000000000056e-01
8.360000000000000000e+02 8.166666666999999435e+00 1.086898395699999931e+01 2.333333330000000039e-01
8.400000000000000000e+02 8.033333332999999854e+00 1.137032085599999931e+01 1.666666669999999906e-01
8.440000000000000000e+02 7.333333333000000565e+00 1.127005347599999929e+01 3.666666670000000017e-01
8.480000000000000000e+02 7.666666666999999435e+00 1.106951871699999934e+01 1.000000000000000056e-01
8.520000000000000000e+02 7.500000000000000000e+00 1.116978609599999928e+01 1.000000000000000056e-01
8.550000000000000000e+02 8.266666666999999080e+00 1.120320855599999987e+01 1.333333329999999983e-01
8.590000000000000000e+02 7.433333333000000209e+00 1.133689839600000049e+01 1.333333329999999983e-01
8.630000000000000000e+02 7.633333332999999499e+00 1.127005347599999929e+01 3.666666670000000017e-01
8.670000000000000000e+02 7.266666666999999968e+00 1.103609625700000052e+01 2.000000000000000111e-01
8.710000000000000000e+02 7.633333332999999499e+00 1.116978609599999928e+01 3.666666670000000017e-01
8.750000000000000000e+02 7.700000000000000178e+00 1.120320855599999987e+01 1.000000000000000056e-01
8.790000000000000000e+02 7.266666666999999968e+00 1.137032085599999931e+01 6.666666699999999890e-02
8.830000000000000000e+02 7.500000000000000000e+00 1.127005347599999929e+01 2.999999999999999889e-01
8.870000000000000000e+02 7.533333332999999854e+00 1.110294117599999986e+01 1.333333329999999983e-01
8.910000000000000000e+02 7.500000000000000000e+00 1.143716577500000042e+01 1.666666669999999906e-01
8.950000000000000000e+02 7.533333332999999854e+00 1.106951871699999934e+01 1.666666669999999906e-01
8.980000000000000000e+02 7.666666666999999435e+00 1.160427807499999986e+01 2.333333330000000039e-01
9.020000000000000000e+02 7.099999999999999645e+00 1.147058823499999924e+01 1.333333329999999983e-01
9.060000000000000000e+02 7.299999999999999822e+00 1.100267379699999992e+01 1.666666669999999906e-01
9.100000000000000000e+02 7.866666667000000501e+00 1.106951871699999934e+01 2.333333330000000039e-01
9.140000000000000000e+02 8.000000000000000000e+00 1.130347593599999989e+01 1.666666669999999906e-01
9.180000000000000000e+02 6.866666667000000501e+00 1.113636363600000045e+01 1.333333329999999983e-01
9.220000000000000000e+02 7.466666667000000146e+00 1.127005347599999929e+01 2.333333330000000039e-01
9.260000000000000000e+02 6.866666667000000501e+00 1.083556149700000049e+01 1.666666669999999906e-01
9.300000000000000000e+02 7.466666667000000146e+00 1.096925133699999932e+01 3.333333299999999971e-02
9.340000000000000000e+02 6.700000000000000178e+00 1.120320855599999987e+01 6.666666699999999890e-02
9.370000000000000000e+02 7.533333332999999854e+00 1.120320855599999987e+01 1.666666669999999906e-01
9.410000000000000000e+02 6.866666667000000501e+00 1.076871657799999937e+01 1.666666669999999906e-01
9.450000000000000000e+02 7.099999999999999645e+00 1.103609625700000052e+01 1.333333329999999983e-01
9.490000000000000000e+02 7.066666666999999791e+00 1.103609625700000052e+01 1.666666669999999906e-01
9.530000000000000000e+02 7.000000000000000000e+00 1.103609625700000052e+01 1.000000000000000056e-01
9.570000000000000000e+02 7.466666667000000146e+00 1.130347593599999989e+01 2.000000000000000111e-01
9.610000000000000000e+02 7.433333333000000209e+00 1.100267379699999992e+01 2.000000000000000111e-01
9.650000000000000000e+02 7.200000000000000178e+00 1.110294117599999986e+01 1.000000000000000056e-01
9.690000000000000000e+02 7.066666666999999791e+00 1.116978609599999928e+01 1.666666669999999906e-01
9.730000000000000000e+02 7.233333333000000032e+00 1.110294117599999986e+01 1.333333329999999983e-01
9.770000000000000000e+02 7.099999999999999645e+00 1.083556149700000049e+01 2.333333330000000039e-01
9.800000000000000000e+02 6.900000000000000355e+00 1.086898395699999931e+01 2.000000000000000111e-01
9.840000000000000000e+02 6.866666667000000501e+00 1.106951871699999934e+01 2.000000000000000111e-01
9.880000000000000000e+02 6.766666666999999968e+00 1.110294117599999986e+01 1.666666669999999906e-01
9.920000000000000000e+02 6.900000000000000355e+00 1.070187165799999995e+01 6.666666699999999890e-02
9.960000000000000000e+02 7.166666666999999435e+00 1.120320855599999987e+01 2.000000000000000111e-01
1.000000000000000000e+03 7.000000000000000000e+00 1.083556149700000049e+01 2.000000000000000111e-01
1.000000000000000000e+03 6.966666667000000146e+00 1.093582887700000050e+01 1.000000000000000056e-01
1.010000000000000000e+03 7.299999999999999822e+00 1.113636363600000045e+01 1.000000000000000056e-01
1.010000000000000000e+03 6.900000000000000355e+00 1.086898395699999931e+01 2.999999999999999889e-01
1.020000000000000000e+03 6.866666667000000501e+00 1.083556149700000049e+01 3.333333299999999971e-02
1.020000000000000000e+03 7.333333333000000565e+00 1.093582887700000050e+01 1.666666669999999906e-01
1.020000000000000000e+03 6.866666667000000501e+00 1.076871657799999937e+01 2.333333330000000039e-01
1.030000000000000000e+03 6.700000000000000178e+00 1.066844919799999936e+01 1.000000000000000056e-01
1.030000000000000000e+03 7.166666666999999435e+00 1.080213903699999989e+01 3.333333299999999971e-02
1.040000000000000000e+03 6.900000000000000355e+00 1.073529411800000055e+01 2.000000000000000111e-01
1.040000000000000000e+03 7.266666666999999968e+00 1.073529411800000055e+01 6.666666699999999890e-02
1.040000000000000000e+03 6.633333332999999499e+00 1.080213903699999989e+01 1.666666669999999906e-01
1.050000000000000000e+03 6.833333332999999676e+00 1.106951871699999934e+01 2.666666670000000239e-01
1.050000000000000000e+03 7.033333332999999854e+00 1.106951871699999934e+01 6.666666699999999890e-02
1.050000000000000000e+03 6.700000000000000178e+00 1.076871657799999937e+01 1.333333329999999983e-01
1.060000000000000000e+03 6.466666667000000146e+00 1.083556149700000049e+01 1.333333329999999983e-01
1.060000000000000000e+03 7.166666666999999435e+00 1.100267379699999992e+01 1.666666669999999906e-01
1.070000000000000000e+03 7.233333333000000032e+00 1.103609625700000052e+01 1.333333329999999983e-01
1.070000000000000000e+03 6.766666666999999968e+00 1.066844919799999936e+01 1.666666669999999906e-01
1.070000000000000000e+03 6.900000000000000355e+00 1.070187165799999995e+01 1.666666669999999906e-01
1.080000000000000000e+03 6.799999999999999822e+00 1.070187165799999995e+01 6.666666699999999890e-02
1.080000000000000000e+03 6.633333332999999499e+00 1.103609625700000052e+01 1.333333329999999983e-01
1.090000000000000000e+03 6.633333332999999499e+00 1.073529411800000055e+01 1.333333329999999983e-01
1.090000000000000000e+03 6.566666666999999791e+00 1.060160427799999994e+01 1.333333329999999983e-01
1.090000000000000000e+03 6.466666667000000146e+00 1.060160427799999994e+01 6.666666699999999890e-02
1.100000000000000000e+03 6.266666666999999968e+00 1.070187165799999995e+01 1.000000000000000056e-01
